0 0.109375 0.7638888888888888 0.1890625 0.46944444444444444
0 0.2671875 0.7527777777777778 0.171875 0.49166666666666664
0 0.49375 0.8305555555555556 0.490625 0.3333333333333333
0 0.4328125 0.775 0.1828125 0.3
0 0.5765625 0.6527777777777778 0.159375 0.44722222222222224
0 0.859375 0.7444444444444445 0.278125 0.5055555555555555
0 0.8109375 0.4888888888888889 0.134375 0.16944444444444445
0 0.865625 0.43333333333333335 0.2 0.3638888888888889
0 0.9671875 0.2833333333333333 0.0625 0.20277777777777778
0 0.9265625 0.18888888888888888 0.140625 0.16944444444444445
0 0.8875 0.17777777777777778 0.109375 0.24722222222222223
0 0.9671875 0.06944444444444445 0.0609375 0.13333333333333333
0 0.2921875 0.4111111111111111 0.2515625 0.5472222222222223
0 0.153125 0.375 0.175 0.38055555555555554
0 0.14375 0.2611111111111111 0.10625 0.25277777777777777
0 0.05625 0.25277777777777777 0.1109375 0.36666666666666664
0 0.184375 0.13055555555555556 0.1625 0.17777777777777778
0 0.309375 0.1527777777777778 0.1453125 0.3
0 0.428125 0.28055555555555556 0.059375 0.19166666666666668
0 0.4796875 0.2916666666666667 0.0578125 0.2361111111111111
0 0.5515625 0.3194444444444444 0.1296875 0.4305555555555556
0 0.73125 0.3527777777777778 0.1109375 0.46944444444444444
0 0.778125 0.18611111111111112 0.0453125 0.2361111111111111
0 0.7 0.1388888888888889 0.075 0.24444444444444444
0 0.53125 0.13055555555555556 0.1515625 0.1388888888888889
0 0.421875 0.09722222222222222 0.0703125 0.1638888888888889