0 0.875 0.6407185628742516 0.24375 0.7035928143712575
0 0.69375 0.8083832335329342 0.178125 0.3712574850299401
0 0.5328125 0.6437125748502994 0.15625 0.4101796407185629
0 0.25 0.8143712574850299 0.190625 0.36826347305389223
0 0.4375 0.8817365269461078 0.171875 0.23652694610778444
0 0.371875 0.6736526946107785 0.1453125 0.36227544910179643
0 0.059375 0.7245508982035929 0.1171875 0.5419161676646707
0 0.2234375 0.4820359281437126 0.175 0.39221556886227543
0 0.103125 0.24251497005988024 0.1453125 0.4311377245508982
0 0.3078125 0.1347305389221557 0.146875 0.25748502994011974
0 0.315625 0.3772455089820359 0.13125 0.33532934131736525
0 0.440625 0.24251497005988024 0.1359375 0.2754491017964072
0 0.53125 0.281437125748503 0.1671875 0.3413173652694611
0 0.525 0.09580838323353294 0.1828125 0.17964071856287425
0 0.6421875 0.3772455089820359 0.1328125 0.5479041916167665
0 0.91875 0.3263473053892216 0.1578125 0.46706586826347307
0 0.7515625 0.17664670658682635 0.15 0.18562874251497005
0 0.7515625 0.4491017964071856 0.14375 0.45209580838323354