1 0.5734375 0.7823343848580442 0.1140625 0.26813880126182965
1 0.4578125 0.804416403785489 0.1078125 0.24605678233438485
1 0.696875 0.804416403785489 0.1296875 0.23659305993690852
1 0.309375 0.7634069400630915 0.1515625 0.28391167192429023
1 0.084375 0.7539432176656151 0.140625 0.3217665615141956
1 0.8609375 0.7886435331230284 0.0921875 0.21451104100946372
1 0.4609375 0.3911671924290221 0.36875 0.5110410094637224
1 0.7015625 0.4384858044164038 0.2 0.3501577287066246
1 0.8734375 0.47318611987381703 0.14375 0.36908517350157727
1 0.9203125 0.6435331230283912 0.1484375 0.19242902208201892
1 0.2296875 0.4794952681388013 0.140625 0.2902208201892745
1 0.1109375 0.5962145110410094 0.084375 0.20504731861198738
1 0.196875 0.7570977917981072 0.0984375 0.2996845425867508
1 0.4953125 0.5741324921135647 0.1953125 0.24605678233438485
1 0.73125 0.6782334384858044 0.1859375 0.15457413249211358